12820  40 5.04362  1360.61 20
12820  144 -3.92418  1242.64 20
12820  201 5.0682  1286.18 20
12820  263 -4.20321  1223.98 20
12820  330 -4.6745  1439.67 20
12820  347 -6.06187  1426.93 20
12820  431 6.14614  1460.24 20
12820  475 4.27696  1217.04 20
12820  571 4.92123  1436.99 20
12820  608 4.79909  1391.09 20
12820  671 5.39009  1330.55 20
12820  712 -4.58595  1187.94 20
12820  795 5.00526  1278.07 20
12820  838 -5.02558  1312.34 20
12820  891 -4.26007  1334.22 20
12820  998 -5.12191  1400.92 20
12820  1062 4.83596  1230.86 20
12820  1101 -5.22452  1264.99 20
12820  1157 5.04963  1394.11 20
12820  1191 4.75509  1343.65 20
12820  1292 5.59704  1471.81 20
12820  1319 4.43666  1596.35 20
12820  1402 5.44197  1361.95 20
12820  1467 5.0527  1367.83 20
12820  1540 4.86593  1357.8 20
12820  1594 6.20639  1516.94 20
12820  1631 -5.05406  1466.13 20
12820  1722 4.69696  1432.83 20
12820  1776 -5.23158  1369.38 20
12820  1822 4.27064  1229.24 20
12820  1893 -4.80162  1383.75 20
12820  1949 5.69117  1521.68 20
12820  2014 4.76276  1338.21 20
12820  2045 -5.10447  1363.79 20
12820  2162 4.90008  1282.2 20
12820  2170 -4.89419  1261.5 20
12820  2239 -4.80068  1382.29 20
12820  2299 -4.89671  1350.2 20
12820  2403 5.65879  1388.22 20
12820  2434 -5.19565  1402.85 20
12820  2497 5.39226  1555.48 20
12820  2558 4.68493  1395.85 20
12820  2610 4.65899  1266.84 20
12820  2664 5.88362  1398.28 20
12820  2722 5.20663  1408.73 20
12820  2818 5.30933  1458.59 20
12820  2840 5.11941  1350.76 20
12864  41 -5.53437  1338.21 20
12864  127 -4.56652  1466.19 20
12864  199 -4.96887  1303.65 20
12864  256 -4.20687  1298.65 20
12864  275 -4.82541  1262.96 20
12864  357 -4.89313  1449.61 20
12864  424 5.21866  1258.22 20
12864  498 5.75096  1442.93 20
12864  542 -4.55423  1319.8 20
12864  627 4.39893  1356.49 20
12864  652 -4.45277  1315.29 20
12864  757 -4.11527  1248.65 20
12864  800 4.66335  1335.13 20
12864  883 -4.06284  1381.86 20
12864  895 -5.55084  1351.11 20
12864  994 5.27829  1564.13 20
12864  1037 -4.16977  1379.34 20
12864  1070 4.46821  1313.26 20
12864  1162 4.61399  1369.75 20
12864  1229 4.53569  1339.1 20
12864  1285 4.51137  1275.64 20
12864  1346 -4.85936  1256.16 20
12864  1415 4.4351  1333.15 20
12864  1491 4.73063  1353.78 20
12864  1538 -4.5538  1285.17 20
12864  1590 5.04303  1248.12 20
12864  1656 5.55581  1535.65 20
12864  1686 -4.72428  1406.61 20
12864  1752 5.2432  1212.93 20
12864  1824 4.87327  1360.64 20
12864  1876 -5.68962  1385.72 20
12864  1966 4.49653  1373.59 20
12864  2005 4.61087  1398.83 20
12864  2087 -4.62235  1433.53 20
12864  2125 4.84481  1462.57 20
12864  2198 -5.36202  1344.39 20
12864  2284 4.8104  1401.96 20
12864  2290 5.03673  1415.51 20
12864  2409 -4.50775  1312.84 20
12864  2453 -4.71603  1327.09 20
12864  2520 4.0015  1168.34 20
12864  2555 4.66095  1372.27 20
12864  2635 -7.07929  1419.61 20
12864  2659 -5.25352  1510.06 20
12864  2766 -4.83233  1328.7 20
12864  2804 4.59426  1352.48 20
12864  2848 3.66106  1283.73 20
12873  42 -4.584  1363.92 20
12873  144 4.60107  1431.67 20
12873  194 -4.69668  1361 20
12873  214 4.50444  1334.61 20
12873  307 5.7635  1413.02 20
12873  349 -4.73735  1355.16 20
12873  428 -4.87328  1314.06 20
12873  482 4.4038  1359.67 20
12873  532 -4.25719  1278.62 20
12873  616 -4.27535  1320.1 20
12873  663 4.63872  1386.43 20
12873  711 4.53393  1258.13 20
12873  779 -4.30057  1390.58 20
12873  841 4.03306  1254.88 20
12873  885 4.66762  1284.27 20
12873  984 4.99979  1414.33 20
12873  1059 4.85897  1371.04 20
12873  1083 4.39179  1316.42 20
12873  1176 4.1595  1267.92 20
12873  1207 -4.36489  1285.21 20
12873  1300 4.59319  1395.51 20
12873  1357 5.19177  1420.02 20
12873  1413 -5.72269  1458.08 20
12873  1435 -4.34408  1477.47 20
12873  1509 5.58568  1384.11 20
12873  1559 5.06041  1318.53 20
12873  1635 -5.49214  1360.55 20
12873  1730 -4.99552  1393.37 20
12873  1783 -5.68189  1433.25 20
12873  1847 -6.06176  1549.34 20
12873  1866 4.99331  1415.16 20
12873  1947 -4.46997  1270.07 20
12873  1994 4.81288  1365.81 20
12873  2098 5.57798  1346.61 20
12873  2141 4.85515  1473.58 20
12873  2224 -4.37541  1285.43 20
12873  2250 -5.13404  1300.83 20
12873  2314 4.60753  1243.78 20
12873  2405 -4.72536  1251.09 20
12873  2439 -4.56882  1323.02 20
12873  2510 5.26652  1249.46 20
12873  2592 -4.61952  1449.66 20
12873  2638 4.11243  1383.53 20
12873  2701 4.44559  1281.71 20
12873  2747 -4.81336  1349.11 20
12873  2823 5.4444  1401.8 20
12873  2839 5.52601  1422.46 20
12884  83 -4.29501  1311.09 20
12884  114 -4.12145  1293.97 20
12884  195 -4.83476  1340.33 20
12884  268 -4.45044  1271.9 20
12884  314 5.07792  1145.16 20
12884  374 -4.08645  1435.95 20
12884  427 -4.76676  1402.14 20
12884  517 4.2921  1294.41 20
12884  576 4.87277  1272.58 20
12884  604 -4.3074  1277.88 20
12884  668 4.52579  1348.23 20
12884  753 4.501  1317.09 20
12884  795 5.55089  1393.51 20
12884  835 -4.62088  1414 20
12884  886 -4.58199  1210.77 20
12884  979 3.96368  1375.98 20
12884  1036 -5.05076  1403.39 20
12884  1106 4.71967  1415.54 20
12884  1159 6.83664  1412.01 20
12884  1191 4.60784  1504.57 20
12884  1262 -4.64873  1419.5 20
12884  1350 -5.07746  1330.73 20
12884  1390 -5.55969  1280.36 20
12884  1463 4.33737  1389.09 20
12884  1516 4.85923  1438.99 20
12884  1593 4.19855  1419.02 20
12884  1660 -6.30479  1512.19 20
12884  1678 -5.75041  1591.01 20
12884  1797 4.43745  1395.06 20
12884  1847 -5.3686  1494.31 20
12884  1915 -4.77181  1273.27 20
12884  1949 4.74824  1273.85 20
12884  2042 -4.57639  1314.1 20
12884  2057 4.27109  1317.12 20
12884  2162 4.70927  1115.22 20
12884  2209 4.72019  1276.54 20
12884  2283 -4.58677  1237.36 20
12884  2338 4.76692  1369.88 20
12884  2391 -4.42113  1321.62 20
12884  2431 -4.5637  1268.73 20
12884  2492 -4.24634  1274.78 20
12884  2587 -4.26715  1314.36 20
12884  2602 4.46479  1320.04 20
12884  2681 -4.68907  1415.82 20
12884  2723 -4.59024  1361.61 20
12884  2822 4.6967  1386.64 20
12884  2847 -4.26836  1506.37 20
12885  70 5.58719  1310.27 20
12885  96 -4.30351  1396.05 20
12885  169 4.19697  1320.07 20
12885  225 -4.59081  1237.91 20
12885  308 4.42314  1306.35 20
12885  338 -4.96804  1396.11 20
12885  441 -4.24424  1400.27 20
12885  504 4.50767  1421.81 20
12885  526 -4.74661  1395.52 20
12885  613 4.32748  1246.33 20
12885  641 3.99155  1236.32 20
12885  744 -4.60799  1475.67 20
12885  777 4.70671  1306.48 20
12885  866 -4.68811  1400.21 20
12885  902 -5.09711  1390.34 20
12885  975 -4.30697  1290.21 20
12885  1062 4.7103  1341.84 20
12885  1088 4.49922  1369.44 20
12885  1186 -4.68609  1363.52 20
12885  1229 4.83064  1322.5 20
12885  1279 4.81875  1176.23 20
12885  1320 5.24728  1221.75 20
12885  1433 4.77243  1331.71 20
12885  1469 4.41615  1302.56 20
12885  1547 4.37116  1206.4 20
12885  1607 4.34098  1352.94 20
12885  1670 4.88465  1406.7 20
12885  1733 5.15184  1249.77 20
12885  1772 -4.82902  1232.31 20
12885  1856 -5.77982  1397.56 20
12885  1901 -5.52566  1429.17 20
12885  1954 5.38943  1389.79 20
12885  1989 -4.64614  1338.4 20
12885  2101 -5.07552  1271.24 20
12885  2153 5.27671  1330.9 20
12885  2190 5.49919  1407.11 20
12885  2277 4.8619  1537.8 20
12885  2296 -4.63161  1551.41 20
12885  2375 -4.1359  1351.52 20
12885  2453 -4.33077  1325.98 20
12885  2514 4.78855  1279.19 20
12885  2590 4.92151  1415.94 20
12885  2629 5.02415  1416.39 20
12885  2666 -4.5865  1305.7 20
12885  2764 4.87662  1340.92 20
12885  2818 -4.34682  1430.64 20
12885  2840 4.26898  1453.74 20
12903  68 -5.65767  1404.53 20
12903  116 -4.90777  1307.15 20
12903  166 -4.67709  1300.26 20
12903  228 4.44724  1445.68 20
12903  318 -4.63763  1308.55 20
12903  356 4.73107  1293.94 20
12903  414 -5.09752  1335.46 20
12903  507 4.59903  1419.94 20
12903  562 -4.84476  1533.73 20
12903  600 -4.9608  1479.63 20
12903  656 4.4898  1303.28 20
12903  728 4.72059  1325.71 20
12903  804 4.4253  1252.79 20
12903  839 5.16738  1233.26 20
12903  936 5.05666  1266.13 20
12903  986 5.57615  1374.41 20
12903  1024 -5.06437  1394.48 20
12903  1072 -5.57857  1395.66 20
12903  1144 -4.54078  1259.36 20
12903  1238 -4.89339  1375.57 20
12903  1252 -4.73321  1373.3 20
12903  1367 -4.79331  1326.45 20
12903  1398 -4.84626  1395.51 20
12903  1452 -4.90592  1212.04 20
12903  1523 4.23701  1286.08 20
12903  1594 4.53378  1303.33 20
12903  1677 5.1952  1474.83 20
12903  1692 -6.97718  1404.76 20
12903  1779 5.04391  1403.87 20
12903  1818 4.7813  1371.09 20
12903  1867 -4.23609  1366.96 20
12903  1959 -5.13227  1405.95 20
12903  2006 4.32577  1251.98 20
12903  2102 7.11727  1434.86 20
12903  2118 6.75223  1502.41 20
12903  2166 -4.7328  1398.99 20
12903  2280 -5.5654  1370.48 20
12903  2291 -5.4446  1355.07 20
12903  2360 -7.13359  1390.76 20
12903  2459 5.0427  1509.91 20
12903  2482 -4.96954  1516.94 20
12903  2553 -4.18124  1332.94 20
12903  2607 4.75332  1273.26 20
12903  2678 -4.4011  1280.77 20
12903  2775 4.53859  1254.42 20
12903  2795 4.45969  1326.55 20
12903  2847 4.37911  1397.27 20
12904  52 4.4182  1369.12 20
12904  100 -4.77407  1381.63 20
12904  161 4.29595  1266.19 20
12904  219 4.64113  1233.26 20
12904  293 4.89482  1356.02 20
12904  391 -5.05838  1326.98 20
12904  444 -4.68223  1468.55 20
12904  502 -5.63509  1343.27 20
12904  535 -4.83193  1293.87 20
12904  617 -5.68651  1365.91 20
12904  681 -4.85646  1313.68 20
12904  703 4.12113  1329.78 20
12904  791 4.34277  1520.73 20
12904  841 -4.59315  1570.6 20
12904  921 -4.51576  1162.48 20
12904  995 -4.38242  1252.86 20
12904  1053 4.86575  1358.43 20
12904  1112 -5.78365  1283.21 20
12904  1179 -5.56766  1440.65 20
12904  1231 4.73955  1261.4 20
12904  1308 4.70131  1333.28 20
12904  1315 4.63672  1317.22 20
12904  1427 -4.03042  1412.81 20
12904  1474 -4.59159  1272.37 20
12904  1520 4.20677  1280.98 20
12904  1578 -4.70053  1357.48 20
12904  1627 -4.80954  1171.66 20
12904  1726 -4.76431  1238.49 20
12904  1764 5.38979  1265.27 20
12904  1809 -4.61661  1371.41 20
12904  1891 4.43679  1248.26 20
12904  1969 -5.41784  1399.65 20
12904  2002 4.87304  1332.93 20
12904  2044 4.95344  1356.86 20
12904  2144 -5.02132  1439.64 20
12904  2207 4.59502  1278.82 20
12904  2258 4.43874  1260.69 20
12904  2296 4.57133  1186.51 20
12904  2406 5.92585  1653.59 20
12904  2418 6.16354  1643.28 20
12904  2508 -4.93975  1302.69 20
12904  2554 4.75698  1289.32 20
12904  2599 -5.49601  1387.27 20
12904  2655 5.34765  1329.49 20
12904  2733 5.66788  1470.34 20
12904  2836 4.22412  1487.07 20
12904  2845 -4.48066  1476.38 20
12906  77 4.47618  1193.02 20
12906  149 -4.48988  1350.82 20
12906  170 -4.64597  1329.21 20
12906  243 4.4315  1419.08 20
12906  299 -5.0565  1245.73 20
12906  342 4.89403  1316.28 20
12906  402 -4.84887  1385.91 20
12906  517 5.76128  1302.28 20
12906  526 5.45364  1364.44 20
12906  587 4.46394  1211.35 20
12906  674 -4.42889  1363.5 20
12906  733 6.25784  1551.77 20
12906  790 -5.82486  1520.26 20
12906  851 -4.27662  1229.59 20
12906  898 -4.60633  1374.95 20
12906  950 -4.24301  1281.27 20
12906  1050 4.1977  1362 20
12906  1099 -4.41764  1258.96 20
12906  1144 -4.52489  1262.66 20
12906  1231 -4.82072  1341 20
12906  1280 -5.62995  1403.73 20
12906  1315 4.73174  1514.15 20
12906  1399 4.87985  1396.22 20
12906  1490 -4.7012  1292.03 20
12906  1503 4.63718  1272.51 20
12906  1588 5.68791  1244.45 20
12906  1674 -4.4488  1166.57 20
12906  1718 4.80567  1319.52 20
12906  1773 -4.7504  1309.68 20
12906  1836 -4.44737  1318.23 20
12906  1877 -4.56701  1250.86 20
12906  1944 4.35264  1231.14 20
12906  2037 4.45375  1343.46 20
12906  2099 -4.77526  1387.05 20
12906  2110 4.4954  1495.79 20
12906  2198 5.01849  1327.52 20
12906  2248 -4.68721  1414.06 20
12906  2292 4.4245  1358.25 20
12906  2349 -4.10236  1361.94 20
12906  2465 -5.04789  1489.22 20
12906  2484 -6.6885  1492.5 20
12906  2549 5.99333  1500.06 20
12906  2632 5.12123  1354.08 20
12906  2674 -4.46724  1339.41 20
12906  2724 -4.57895  1449.42 20
12906  2833 -4.35279  1393.73 20
12906  2837 3.85585  1394.4 20
12911  45 -4.68897  1396.38 20
12911  108 -4.42439  1433.75 20
12911  184 4.6973  1300.15 20
12911  267 4.45839  1301.13 20
12911  302 -5.25966  1322.93 20
12911  396 -4.81518  1482.05 20
12911  441 -6.43765  1419.01 20
12911  483 4.91281  1250.44 20
12911  521 -4.90016  1426.08 20
12911  635 5.94309  1263.16 20
12911  658 4.86671  1324.87 20
12911  731 -4.49009  1222.33 20
12911  819 5.32037  1360.92 20
12911  846 4.34307  1392.4 20
12911  934 5.69761  1296.36 20
12911  964 -4.85929  1372.08 20
12911  1028 4.54263  1261.29 20
12911  1127 4.89016  1384.76 20
12911  1169 -5.11825  1462.57 20
12911  1193 -4.93788  1409.65 20
12911  1292 4.78614  1163.46 20
12911  1319 -4.56908  1180.49 20
12911  1394 4.93338  1387.71 20
12911  1446 -4.30489  1309.44 20
12911  1515 -4.3248  1348.25 20
12911  1598 -4.55892  1334.78 20
12911  1663 4.74157  1368.24 20
12911  1716 4.96078  1293.08 20
12911  1765 -5.74529  1278.57 20
12911  1832 -5.39487  1287.54 20
12911  1863 5.84447  1399.82 20
12911  1938 5.33544  1528.51 20
12911  2007 -3.9042  1329.35 20
12911  2102 -4.85783  1399.05 20
12911  2144 5.222  1447.19 20
12911  2183 -5.60829  1389.59 20
12911  2283 -5.2172  1440.44 20
12911  2293 -5.68176  1382.98 20
12911  2393 4.74226  1524.57 20
12911  2451 4.81871  1403.63 20
12911  2473 -4.54619  1342.97 20
12911  2590 4.40597  1363.06 20
12911  2626 -4.80741  1342.54 20
12911  2700 4.65569  1330.1 20
12911  2730 5.22946  1315.57 20
12911  2776 5.68403  1473.08 20
12911  2846 -4.17729  1197.25 20
12912  69 -4.39252  1317.53 20
12912  144 -4.68062  1289.01 20
12912  207 4.43715  1376.46 20
12912  255 -5.53188  1317.21 20
12912  326 -4.60224  1324.62 20
12912  394 -4.37193  1426.9 20
12912  439 -5.77956  1476.73 20
12912  516 -5.65599  1314.03 20
12912  520 5.93686  1309.86 20
12912  623 4.11168  1289.22 20
12912  652 -4.61744  1340.68 20
12912  748 -4.36282  1270.04 20
12912  774 5.42635  1346.11 20
12912  825 -4.65627  1284.67 20
12912  894 7.47266  1380.37 20
12912  998 -4.94834  1396.94 20
12912  1059 4.99979  1360.54 20
12912  1077 5.38502  1285.83 20
12912  1179 -5.62123  1376.13 20
12912  1241 -4.67543  1356.43 20
12912  1290 -5.40208  1333.14 20
12912  1332 -3.93002  1309.6 20
